yellow
52.0, -65.0
49.0, -61.0
45.0, -58.0
44.0, -56.0
43.0, -55.0
39.0, -55.0
37.0, -55.0
34.0, -55.0
30.0, -55.0
25.0, -56.0
24.0, -56.0
22.0, -56.0
20.0, -56.0
17.0, -56.0
13.0, -56.0
4.0, -56.0
1.0, -56.0
-4.0, -56.0
-7.0, -56.0
-18.0, -56.0
-20.0, -54.0
-23.0, -53.0
-26.0, -51.0
-32.0, -50.0
-37.0, -48.0
-39.0, -44.0
-43.0, -41.0
-46.0, -39.0
-48.0, -39.0
-51.0, -38.0
-54.0, -38.0
-57.0, -38.0
-80.0, -33.0
-80.0, -33.0
-82.0, -33.0
-84.0, -33.0
-87.0, -33.0
-94.0, -30.0
-99.0, -29.0
-102.0, -28.0
-103.0, -28.0
-107.0, -25.0
-111.0, -24.0
-113.0, -23.0
-117.0, -21.0
-121.0, -20.0
-125.0, -18.0
-128.0, -18.0
-132.0, -15.0
-134.0, -12.0
-138.0, -10.0
-140.0, -9.0
-143.0, -5.0
-146.0, -3.0
-149.0, -0.0
-150.0, 3.0
-155.0, 6.0
-157.0, 9.0
-160.0, 13.0
-160.0, 17.0
-161.0, 22.0
-164.0, 25.0
-164.0, 28.0
-167.0, 32.0
-168.0, 34.0
-169.0, 37.0
-172.0, 41.0
-172.0, 46.0
-175.0, 50.0
-176.0, 54.0
-176.0, 58.0
-177.0, 62.0
-177.0, 67.0
-179.0, 73.0
-179.0, 78.0
-179.0, 85.0
-179.0, 91.0
-181.0, 99.0
-181.0, 103.0
-180.0, 108.0
-180.0, 116.0
-178.0, 125.0
-177.0, 131.0
-174.0, 140.0
-170.0, 148.0
-166.0, 158.0
-164.0, 165.0
-161.0, 173.0
-157.0, 180.0
-153.0, 186.0
-150.0, 191.0
-147.0, 194.0
-142.0, 198.0
-139.0, 203.0
-131.0, 210.0
-126.0, 214.0
-122.0, 213.0
-119.0, 216.0
-116.0, 220.0
-112.0, 223.0
-109.0, 225.0
-105.0, 229.0
-103.0, 229.0
-98.0, 231.0
-94.0, 233.0
-87.0, 235.0
-82.0, 237.0
-78.0, 240.0
-69.0, 242.0
-67.0, 242.0
-65.0, 243.0
-61.0, 243.0
-57.0, 244.0
-49.0, 248.0
-45.0, 248.0
-34.0, 246.0
-34.0, 246.0
-29.0, 246.0
-21.0, 248.0
-17.0, 248.0
-9.0, 248.0
0.0, 246.0
4.0, 246.0
6.0, 246.0
9.0, 246.0
12.0, 245.0
15.0, 245.0
23.0, 240.0
26.0, 241.0
31.0, 240.0
35.0, 239.0
37.0, 238.0
44.0, 235.0
47.0, 234.0
48.0, 234.0
52.0, 232.0
59.0, 227.0
64.0, 226.0
69.0, 222.0
72.0, 220.0
75.0, 217.0
78.0, 217.0
82.0, 215.0
85.0, 215.0
88.0, 213.0
90.0, 210.0
93.0, 207.0
96.0, 203.0
99.0, 200.0
101.0, 198.0
104.0, 194.0
106.0, 190.0
111.0, 187.0
113.0, 179.0
114.0, 177.0
115.0, 174.0
118.0, 169.0
119.0, 165.0
120.0, 160.0
121.0, 157.0
122.0, 154.0
123.0, 150.0
123.0, 145.0
123.0, 140.0
123.0, 137.0
123.0, 131.0
124.0, 126.0
124.0, 115.0
122.0, 111.0
123.0, 107.0
124.0, 102.0
122.0, 97.0
122.0, 93.0
122.0, 90.0
123.0, 84.0
120.0, 78.0
120.0, 74.0
120.0, 72.0
124.0, 63.0
126.0, 59.0
129.0, 60.0
132.0, 59.0
140.0, 57.0
142.0, 55.0
152.0, 51.0
149.0, 50.0
151.0, 46.0
151.0, 42.0
150.0, 34.0
148.0, 23.0
145.0, 20.0
145.0, 16.0
141.0, 10.0
132.0, -0.0
128.0, -4.0
124.0, -9.0
121.0, -11.0
113.0, -18.0
111.0, -22.0
105.0, -27.0
99.0, -31.0
95.0, -35.0
91.0, -40.0
84.0, -45.0
79.0, -52.0
79.0, -54.0
78.0, -58.0
77.0, -61.0
77.0, -64.0
75.0, -66.0
74.0, -66.0
70.0, -68.0
62.0, -69.0
57.0, -72.0
56.0, -70.0
52.0, -65.0