white
81.0, 5.0
83.0, 9.0
86.0, 11.0
87.0, 13.0
87.0, 13.0
89.0, 14.0
91.0, 17.0
92.0, 17.0
94.0, 18.0
96.0, 18.0
99.0, 18.0
103.0, 20.0
106.0, 20.0
104.0, 20.0
101.0, 19.0
100.0, 18.0
100.0, 20.0
101.0, 22.0
102.0, 23.0
104.0, 28.0
105.0, 31.0
107.0, 35.0
107.0, 37.0
107.0, 40.0
107.0, 43.0
107.0, 47.0
107.0, 49.0
107.0, 53.0
107.0, 56.0
107.0, 60.0
107.0, 64.0
107.0, 68.0
105.0, 74.0
104.0, 78.0
101.0, 84.0
101.0, 87.0
99.0, 91.0
99.0, 94.0
99.0, 97.0
97.0, 101.0
96.0, 103.0
94.0, 106.0
92.0, 109.0
89.0, 113.0
85.0, 118.0
83.0, 120.0
81.0, 123.0
80.0, 123.0
79.0, 124.0
75.0, 126.0
73.0, 126.0
71.0, 126.0
67.0, 126.0
67.0, 126.0
64.0, 124.0
62.0, 124.0
59.0, 121.0
59.0, 120.0
57.0, 118.0
57.0, 117.0
57.0, 115.0
56.0, 114.0
56.0, 112.0
55.0, 109.0
55.0, 107.0
52.0, 104.0
53.0, 100.0
53.0, 99.0
53.0, 96.0
53.0, 94.0
53.0, 91.0
53.0, 88.0
53.0, 85.0
54.0, 81.0
54.0, 77.0
55.0, 73.0
55.0, 69.0
55.0, 66.0
55.0, 63.0
57.0, 60.0
59.0, 56.0
59.0, 52.0
60.0, 50.0
61.0, 46.0
62.0, 42.0
65.0, 37.0
66.0, 34.0
68.0, 30.0
70.0, 26.0
74.0, 22.0
76.0, 19.0
78.0, 17.0
82.0, 13.0
83.0, 11.0
84.0, 9.0
