#FF6100
36.0, -25.0
39.0, -22.0
41.0, -20.0
42.0, -16.0
43.0, -14.0
44.0, -12.0
46.0, -11.0
48.0, -9.0
50.0, -8.0
51.0, -8.0
52.0, -7.0
54.0, -6.0
56.0, -6.0
57.0, -6.0
59.0, -5.0
60.0, -5.0
61.0, -5.0
62.0, -5.0
65.0, -6.0
66.0, -8.0
68.0, -8.0
69.0, -9.0
71.0, -9.0
73.0, -10.0
74.0, -10.0
76.0, -10.0
76.0, -11.0
75.0, -13.0
76.0, -15.0
75.0, -15.0
73.0, -17.0
73.0, -18.0
72.0, -19.0
69.0, -20.0
67.0, -23.0
66.0, -23.0
64.0, -23.0
62.0, -25.0
61.0, -25.0
59.0, -25.0
57.0, -25.0
56.0, -25.0
53.0, -25.0
52.0, -25.0
50.0, -25.0
49.0, -25.0
46.0, -25.0
45.0, -25.0
45.0, -25.0
42.0, -26.0
41.0, -26.0
40.0, -26.0
40.0, -26.0
38.0, -26.0
36.0, -25.0