#FF6100
36.0, -26.0
37.0, -29.0
40.0, -31.0
41.0, -32.0
43.0, -34.0
45.0, -35.0
47.0, -35.0
48.0, -36.0
51.0, -37.0
52.0, -37.0
53.0, -37.0
56.0, -37.0
57.0, -37.0
60.0, -37.0
61.0, -36.0
64.0, -33.0
67.0, -32.0
68.0, -31.0
71.0, -30.0
73.0, -29.0
74.0, -25.0
74.0, -24.0
76.0, -22.0
76.0, -21.0
76.0, -19.0
75.0, -17.0
74.0, -18.0
73.0, -18.0
70.0, -20.0
68.0, -21.0
68.0, -22.0
66.0, -23.0
65.0, -23.0
63.0, -25.0
62.0, -25.0
61.0, -26.0
59.0, -27.0
58.0, -28.0
56.0, -28.0
56.0, -28.0
54.0, -28.0
53.0, -28.0
52.0, -28.0
51.0, -28.0
50.0, -28.0
48.0, -27.0
46.0, -27.0
44.0, -26.0
44.0, -26.0
42.0, -26.0
41.0, -26.0
37.0, -27.0
