#009eff
-2.0, -14.0
-6.0, -12.0
-9.0, -10.0
-9.0, -8.0
-11.0, -6.0
-13.0, -3.0
-15.0, -0.0
-17.0, 2.0
-20.0, 6.0
-20.0, 8.0
-20.0, 12.0
-23.0, 16.0
-25.0, 18.0
-25.0, 21.0
-25.0, 24.0
-25.0, 27.0
-27.0, 29.0
-27.0, 30.0
-27.0, 33.0
-28.0, 35.0
-28.0, 38.0
-28.0, 40.0
-28.0, 42.0
-28.0, 44.0
-28.0, 47.0
-26.0, 50.0
-26.0, 51.0
-25.0, 53.0
-25.0, 53.0
-24.0, 55.0
-23.0, 59.0
-22.0, 59.0
-20.0, 60.0
-19.0, 60.0
-17.0, 61.0
-16.0, 61.0
-15.0, 61.0
-13.0, 61.0
-11.0, 61.0
-9.0, 61.0
-7.0, 59.0
-5.0, 57.0
-3.0, 56.0
-1.0, 52.0
2.0, 50.0
3.0, 48.0
4.0, 44.0
5.0, 43.0
6.0, 40.0
7.0, 37.0
7.0, 34.0
6.0, 35.0
4.0, 36.0
3.0, 39.0
1.0, 40.0
-1.0, 41.0
-2.0, 41.0
-4.0, 41.0
-5.0, 41.0
-6.0, 41.0
-7.0, 40.0
-10.0, 40.0
-10.0, 38.0
-13.0, 36.0
-13.0, 34.0
-13.0, 33.0
-13.0, 31.0
-13.0, 30.0
-13.0, 29.0
-13.0, 27.0
-13.0, 25.0
-13.0, 24.0
-13.0, 21.0
-12.0, 20.0
-12.0, 19.0
-11.0, 16.0
-10.0, 13.0
-8.0, 11.0
-8.0, 9.0
-7.0, 8.0
-7.0, 7.0
-5.0, 3.0
-5.0, 1.0
-4.0, -0.0
-4.0, -0.0
-3.0, -3.0
-1.0, -5.0
1.0, -9.0
1.0, -9.0
2.0, -12.0
2.0, -12.0
0.0, -13.0
-3.0, -14.0