black
-40.0, 238.0
-43.0, 243.0
-43.0, 246.0
-46.0, 250.0
-46.0, 254.0
-48.0, 259.0
-51.0, 264.0
-51.0, 269.0
-51.0, 275.0
-51.0, 280.0
-51.0, 286.0
-54.0, 293.0
-54.0, 303.0
-54.0, 307.0
-53.0, 315.0
-52.0, 321.0
-52.0, 326.0
-50.0, 332.0
-48.0, 337.0
-48.0, 337.0
-50.0, 332.0
-52.0, 326.0
-52.0, 321.0
-53.0, 315.0
-54.0, 307.0
-54.0, 303.0
-54.0, 293.0
-51.0, 286.0
-51.0, 280.0
-51.0, 275.0
-51.0, 269.0
-51.0, 264.0
-48.0, 259.0
-46.0, 254.0
-46.0, 250.0
-43.0, 246.0
-43.0, 243.0
-40.0, 238.0