yellow
46.0, -58.0
43.0, -58.0
42.0, -58.0
40.0, -59.0
40.0, -58.0
38.0, -61.0
37.0, -61.0
35.0, -61.0
34.0, -61.0
32.0, -61.0
30.0, -61.0
27.0, -64.0
25.0, -64.0
23.0, -65.0
21.0, -65.0
19.0, -67.0
16.0, -68.0
14.0, -69.0
11.0, -71.0
11.0, -71.0
7.0, -74.0
6.0, -74.0
4.0, -76.0
3.0, -79.0
0.0, -80.0
-1.0, -81.0
0.0, -83.0
-2.0, -87.0
-2.0, -89.0
-2.0, -91.0
-2.0, -93.0
-1.0, -96.0
-1.0, -99.0
-1.0, -101.0
1.0, -102.0
1.0, -104.0
1.0, -105.0
0.0, -105.0
-2.0, -107.0
-3.0, -107.0
-7.0, -110.0
-8.0, -110.0
-11.0, -112.0
-13.0, -113.0
-16.0, -115.0
-19.0, -120.0
-21.0, -121.0
-20.0, -125.0
-20.0, -127.0
-20.0, -129.0
-22.0, -134.0
-21.0, -140.0
-19.0, -143.0
-19.0, -145.0
-17.0, -150.0
-15.0, -155.0
-15.0, -156.0
-15.0, -160.0
-19.0, -164.0
-19.0, -167.0
-19.0, -170.0
-17.0, -173.0
-14.0, -176.0
-11.0, -178.0
-9.0, -181.0
-7.0, -182.0
-4.0, -182.0
-2.0, -182.0
1.0, -182.0
2.0, -183.0
6.0, -185.0
9.0, -185.0
10.0, -185.0
13.0, -182.0
14.0, -181.0
15.0, -179.0
16.0, -178.0
17.0, -177.0
18.0, -174.0
25.0, -173.0
25.0, -174.0
26.0, -176.0
26.0, -177.0
27.0, -180.0
28.0, -181.0
29.0, -182.0
30.0, -184.0
31.0, -185.0
32.0, -185.0
35.0, -186.0
37.0, -186.0
39.0, -186.0
42.0, -186.0
44.0, -186.0
46.0, -186.0
46.0, -186.0
50.0, -186.0
51.0, -186.0
54.0, -185.0
57.0, -183.0
59.0, -181.0
60.0, -178.0
61.0, -176.0
62.0, -174.0
63.0, -170.0
64.0, -168.0
64.0, -165.0
64.0, -165.0
66.0, -164.0
68.0, -163.0
74.0, -159.0
75.0, -158.0
77.0, -155.0
79.0, -152.0
80.0, -150.0
81.0, -146.0
85.0, -143.0
88.0, -139.0
88.0, -136.0
91.0, -132.0
91.0, -128.0
91.0, -125.0
92.0, -121.0
92.0, -117.0
93.0, -114.0
93.0, -111.0
91.0, -107.0
93.0, -107.0
95.0, -108.0
97.0, -111.0
99.0, -111.0
102.0, -113.0
104.0, -116.0
106.0, -116.0
110.0, -119.0
114.0, -122.0
118.0, -124.0
121.0, -127.0
123.0, -127.0
125.0, -127.0
126.0, -128.0
132.0, -131.0
136.0, -135.0
139.0, -139.0
141.0, -142.0
144.0, -144.0
147.0, -146.0
147.0, -147.0
149.0, -147.0
150.0, -146.0
150.0, -145.0
150.0, -141.0
149.0, -131.0
170.0, -118.0
170.0, -117.0
170.0, -116.0
168.0, -115.0
167.0, -115.0
166.0, -115.0
164.0, -115.0
163.0, -115.0
162.0, -115.0
159.0, -115.0
159.0, -115.0
155.0, -116.0
155.0, -116.0
157.0, -113.0
157.0, -113.0
158.0, -111.0
159.0, -109.0
161.0, -107.0
161.0, -106.0
161.0, -104.0
161.0, -102.0
160.0, -102.0
159.0, -102.0
157.0, -103.0
156.0, -104.0
154.0, -106.0
153.0, -108.0
149.0, -110.0
150.0, -106.0
150.0, -104.0
150.0, -102.0
148.0, -100.0
147.0, -100.0
145.0, -102.0
143.0, -104.0
142.0, -106.0
141.0, -109.0
140.0, -111.0
139.0, -114.0
137.0, -114.0
135.0, -116.0
131.0, -114.0
130.0, -110.0
129.0, -109.0
128.0, -107.0
126.0, -105.0
124.0, -103.0
123.0, -101.0
119.0, -98.0
119.0, -97.0
117.0, -95.0
114.0, -93.0
110.0, -89.0
108.0, -85.0
106.0, -85.0
104.0, -82.0
102.0, -81.0
101.0, -80.0
99.0, -78.0
97.0, -75.0
96.0, -72.0
94.0, -72.0
89.0, -69.0
89.0, -68.0
88.0, -67.0
86.0, -67.0
85.0, -66.0
83.0, -66.0
80.0, -65.0
78.0, -65.0
77.0, -64.0
77.0, -64.0