black
1.0, -106.0
2.0, -108.0
2.0, -110.0
3.0, -112.0
5.0, -114.0
6.0, -116.0
7.0, -118.0
7.0, -118.0
6.0, -118.0
4.0, -118.0
2.0, -117.0
-1.0, -115.0
-2.0, -115.0
-5.0, -114.0
-7.0, -113.0
-8.0, -114.0
-6.0, -118.0
-6.0, -119.0
-5.0, -120.0
-5.0, -122.0
-4.0, -123.0
-3.0, -124.0
-1.0, -127.0
-1.0, -127.0
-2.0, -128.0
-3.0, -130.0
-4.0, -131.0
-6.0, -133.0
-9.0, -134.0
-10.0, -134.0
-10.0, -135.0
-10.0, -137.0
-9.0, -137.0
-8.0, -138.0
-7.0, -139.0
-5.0, -139.0
-4.0, -139.0
-3.0, -139.0
-2.0, -139.0
-1.0, -139.0
2.0, -139.0
3.0, -139.0
5.0, -139.0
7.0, -139.0
10.0, -136.0
12.0, -133.0
14.0, -133.0
14.0, -132.0
16.0, -129.0
18.0, -127.0
18.0, -124.0
19.0, -122.0
19.0, -117.0
20.0, -115.0
20.0, -111.0
20.0, -108.0
21.0, -105.0
21.0, -102.0
21.0, -98.0
21.0, -95.0
21.0, -94.0
18.0, -89.0
18.0, -89.0
21.0, -94.0
21.0, -95.0
21.0, -98.0
21.0, -102.0
21.0, -105.0
20.0, -108.0
20.0, -111.0
20.0, -115.0
19.0, -117.0
19.0, -122.0
18.0, -124.0
18.0, -127.0
16.0, -129.0
14.0, -132.0
14.0, -133.0
12.0, -133.0
10.0, -136.0
7.0, -139.0
5.0, -139.0
3.0, -139.0
2.0, -139.0
-1.0, -139.0
-2.0, -139.0
-3.0, -139.0
-4.0, -139.0
-5.0, -139.0
-7.0, -139.0
-8.0, -138.0
-9.0, -137.0
-10.0, -137.0
-10.0, -135.0
-10.0, -134.0
-9.0, -134.0
-6.0, -133.0
-4.0, -131.0
-3.0, -130.0
-2.0, -128.0
-1.0, -127.0
-1.0, -127.0
-3.0, -124.0
-4.0, -123.0
-5.0, -122.0
-5.0, -120.0
-6.0, -119.0
-6.0, -118.0
-8.0, -114.0
-7.0, -113.0
-5.0, -114.0
-2.0, -115.0
-1.0, -115.0
2.0, -117.0
4.0, -118.0
6.0, -118.0
7.0, -118.0
7.0, -118.0
6.0, -116.0
5.0, -114.0
3.0, -112.0
2.0, -110.0
2.0, -108.0
1.0, -106.0