white
21.0, -94.0
22.0, -94.0
23.0, -92.0
24.0, -92.0
24.0, -91.0
25.0, -91.0
27.0, -90.0
30.0, -90.0
32.0, -89.0
33.0, -89.0
35.0, -88.0
37.0, -87.0
37.0, -87.0
38.0, -87.0
41.0, -86.0
43.0, -85.0
41.0, -85.0
39.0, -85.0
38.0, -86.0
38.0, -88.0
39.0, -90.0
36.0, -94.0
36.0, -96.0
36.0, -98.0
34.0, -101.0
34.0, -102.0
32.0, -103.0
31.0, -103.0
29.0, -103.0
28.0, -103.0
27.0, -104.0
26.0, -104.0
23.0, -104.0
23.0, -104.0
22.0, -102.0
22.0, -102.0
21.0, -99.0
21.0, -98.0
21.0, -97.0
22.0, -95.0
