black
62.0, -164.0
61.0, -164.0
59.0, -164.0
55.0, -164.0
52.0, -166.0
49.0, -166.0
46.0, -167.0
44.0, -167.0
42.0, -167.0
40.0, -169.0
39.0, -170.0
37.0, -170.0
35.0, -170.0
32.0, -170.0
30.0, -170.0
27.0, -170.0
25.0, -170.0
22.0, -170.0
20.0, -170.0
17.0, -170.0
16.0, -170.0
15.0, -170.0
11.0, -168.0
8.0, -168.0
8.0, -168.0
11.0, -168.0
15.0, -170.0
16.0, -170.0
17.0, -170.0
20.0, -170.0
22.0, -170.0
25.0, -170.0
27.0, -170.0
30.0, -170.0
32.0, -170.0
35.0, -170.0
37.0, -170.0
39.0, -170.0
40.0, -169.0
42.0, -167.0
44.0, -167.0
46.0, -167.0
49.0, -166.0
52.0, -166.0
55.0, -164.0
59.0, -164.0
61.0, -164.0
62.0, -164.0