yellow
-15.0, -115.0
-17.0, -115.0
-19.0, -114.0
-20.0, -114.0
-23.0, -112.0
-26.0, -111.0
-27.0, -109.0
-29.0, -108.0
-32.0, -107.0
-34.0, -104.0
-36.0, -102.0
-40.0, -99.0
-42.0, -96.0
-44.0, -93.0
-45.0, -90.0
-45.0, -88.0
-49.0, -83.0
-51.0, -80.0
-52.0, -79.0
-54.0, -78.0
-56.0, -76.0
-58.0, -75.0
-60.0, -75.0
-61.0, -73.0
-63.0, -71.0
-61.0, -70.0
-61.0, -70.0
-60.0, -70.0
-57.0, -67.0
-55.0, -67.0
-54.0, -67.0
-52.0, -67.0
-50.0, -67.0
-49.0, -67.0
-48.0, -67.0
-45.0, -68.0
-44.0, -70.0
-42.0, -70.0
-38.0, -71.0
-37.0, -71.0
-34.0, -73.0
-33.0, -73.0
-30.0, -73.0
-29.0, -73.0
-27.0, -74.0
-25.0, -76.0
-23.0, -78.0
-21.0, -81.0
-19.0, -84.0
-16.0, -85.0
-15.0, -87.0
-12.0, -89.0
-11.0, -90.0
-11.0, -91.0
-9.0, -93.0
-7.0, -97.0
-6.0, -99.0
-5.0, -102.0
-4.0, -104.0
-4.0, -104.0
-4.0, -104.0
-4.0, -107.0
-3.0, -107.0
-4.0, -109.0
-4.0, -110.0
-6.0, -110.0
-7.0, -111.0
-8.0, -111.0
-11.0, -112.0
-11.0, -112.0
-12.0, -112.0
-15.0, -114.0