blue
84.0, 9.0
86.0, 9.0
87.0, 11.0
87.0, 11.0
89.0, 12.0
90.0, 14.0
91.0, 17.0
91.0, 19.0
92.0, 21.0
92.0, 24.0
92.0, 27.0
92.0, 29.0
92.0, 30.0
92.0, 33.0
90.0, 36.0
90.0, 38.0
88.0, 40.0
88.0, 43.0
87.0, 45.0
86.0, 47.0
84.0, 49.0
84.0, 51.0
83.0, 52.0
80.0, 55.0
79.0, 57.0
78.0, 59.0
77.0, 61.0
75.0, 61.0
74.0, 62.0
72.0, 63.0
71.0, 63.0
69.0, 63.0
67.0, 63.0
66.0, 63.0
63.0, 62.0
63.0, 61.0
63.0, 59.0
62.0, 58.0
61.0, 55.0
61.0, 54.0
61.0, 52.0
61.0, 50.0
62.0, 48.0
63.0, 44.0
63.0, 41.0
64.0, 39.0
65.0, 38.0
66.0, 36.0
68.0, 34.0
69.0, 32.0
71.0, 28.0
71.0, 25.0
74.0, 21.0
76.0, 18.0
77.0, 16.0
78.0, 16.0
79.0, 14.0
81.0, 12.0
82.0, 11.0
83.0, 9.0
85.0, 9.0
86.0, 10.0