#009eff
92.0, 14.0
94.0, 14.0
96.0, 17.0
97.0, 20.0
98.0, 24.0
98.0, 27.0
99.0, 32.0
99.0, 35.0
99.0, 38.0
99.0, 41.0
99.0, 45.0
99.0, 49.0
98.0, 53.0
96.0, 56.0
96.0, 59.0
95.0, 63.0
92.0, 69.0
89.0, 72.0
86.0, 76.0
84.0, 79.0
81.0, 81.0
80.0, 85.0
78.0, 86.0
77.0, 86.0
74.0, 90.0
73.0, 90.0
72.0, 90.0
69.0, 90.0
68.0, 90.0
66.0, 90.0
64.0, 87.0
62.0, 86.0
62.0, 85.0
60.0, 81.0
60.0, 80.0
60.0, 77.0
57.0, 74.0
57.0, 72.0
57.0, 70.0
57.0, 67.0
57.0, 65.0
58.0, 61.0
59.0, 58.0
60.0, 56.0
60.0, 52.0
61.0, 51.0
61.0, 53.0
62.0, 55.0
63.0, 58.0
63.0, 59.0
65.0, 61.0
66.0, 61.0
68.0, 63.0
70.0, 63.0
71.0, 63.0
73.0, 63.0
75.0, 61.0
76.0, 60.0
79.0, 57.0
80.0, 54.0
81.0, 53.0
83.0, 52.0
85.0, 49.0
88.0, 47.0
88.0, 44.0
88.0, 43.0
91.0, 39.0
90.0, 36.0
90.0, 34.0
91.0, 32.0
91.0, 31.0
91.0, 29.0
92.0, 26.0
93.0, 24.0
93.0, 23.0
93.0, 21.0
93.0, 20.0
93.0, 18.0
92.0, 15.0
94.0, 15.0
96.0, 15.0