black
-53.0, 86.0
-56.0, 87.0
-58.0, 88.0
-61.0, 89.0
-62.0, 90.0
-65.0, 92.0
-66.0, 92.0
-69.0, 93.0
-72.0, 94.0
-74.0, 96.0
-76.0, 97.0
-80.0, 99.0
-81.0, 101.0
-85.0, 104.0
-88.0, 106.0
-89.0, 109.0
-92.0, 112.0
-92.0, 114.0
-93.0, 118.0
-95.0, 121.0
-97.0, 125.0
-99.0, 130.0
-99.0, 130.0
-97.0, 125.0
-95.0, 121.0
-93.0, 118.0
-92.0, 114.0
-92.0, 112.0
-89.0, 109.0
-88.0, 106.0
-85.0, 104.0
-81.0, 101.0
-80.0, 99.0
-76.0, 97.0
-74.0, 96.0
-72.0, 94.0
-69.0, 93.0
-66.0, 92.0
-65.0, 92.0
-62.0, 90.0
-61.0, 89.0
-58.0, 88.0
-56.0, 87.0
-53.0, 86.0