black
-57.0, 75.0
-59.0, 75.0
-62.0, 74.0
-69.0, 70.0
-72.0, 71.0
-74.0, 71.0
-75.0, 71.0
-78.0, 72.0
-83.0, 73.0
-85.0, 74.0
-87.0, 74.0
-91.0, 76.0
-92.0, 76.0
-96.0, 78.0
-98.0, 79.0
-100.0, 81.0
-103.0, 83.0
-103.0, 83.0
-105.0, 84.0
-107.0, 88.0
-107.0, 88.0
-105.0, 84.0
-103.0, 83.0
-103.0, 83.0
-100.0, 81.0
-98.0, 79.0
-96.0, 78.0
-92.0, 76.0
-91.0, 76.0
-87.0, 74.0
-85.0, 74.0
-83.0, 73.0
-78.0, 72.0
-75.0, 71.0
-74.0, 71.0
-72.0, 71.0
-69.0, 70.0
-62.0, 74.0
-59.0, 75.0
-57.0, 75.0