#ffa500
-15.0, -174.0
-16.0, -177.0
-17.0, -178.0
-18.0, -179.0
-20.0, -182.0
-20.0, -183.0
-21.0, -186.0
-24.0, -190.0
-25.0, -191.0
-26.0, -192.0
-27.0, -196.0
-28.0, -198.0
-29.0, -199.0
-31.0, -202.0
-32.0, -204.0
-37.0, -210.0
-39.0, -211.0
-39.0, -212.0
-41.0, -215.0
-43.0, -217.0
-45.0, -218.0
-48.0, -221.0
-51.0, -225.0
-51.0, -225.0
-54.0, -226.0
-56.0, -228.0
-62.0, -233.0
-63.0, -233.0
-65.0, -235.0
-68.0, -237.0
-71.0, -238.0
-72.0, -239.0
-75.0, -241.0
-78.0, -243.0
-80.0, -244.0
-83.0, -244.0
-84.0, -245.0
-87.0, -246.0
-88.0, -246.0
-90.0, -246.0
-92.0, -246.0
-96.0, -248.0
-98.0, -248.0
-101.0, -248.0
-103.0, -248.0
-106.0, -248.0
-108.0, -248.0
-113.0, -248.0
-116.0, -248.0
-121.0, -248.0
-123.0, -248.0
-127.0, -249.0
-128.0, -249.0
-131.0, -249.0
-135.0, -250.0
-137.0, -251.0
-141.0, -253.0
-143.0, -253.0
-146.0, -253.0
-148.0, -254.0
-150.0, -254.0
-153.0, -254.0
-158.0, -257.0
-161.0, -259.0
-163.0, -261.0
-166.0, -261.0
-170.0, -263.0
-173.0, -264.0
-175.0, -265.0
-175.0, -266.0
-178.0, -268.0
-181.0, -271.0
-183.0, -274.0
-186.0, -276.0
-186.0, -277.0
-187.0, -279.0
-190.0, -283.0
-190.0, -284.0
-190.0, -287.0
-190.0, -288.0
-190.0, -291.0
-190.0, -294.0
-190.0, -296.0
-189.0, -300.0
-188.0, -303.0
-187.0, -305.0
-186.0, -309.0
-183.0, -312.0
-182.0, -316.0
-180.0, -317.0
-176.0, -322.0
-175.0, -324.0
-172.0, -325.0
-170.0, -326.0
-167.0, -326.0
-161.0, -327.0
-160.0, -327.0
-158.0, -327.0
-156.0, -327.0
-155.0, -327.0
-152.0, -327.0
-151.0, -327.0
-149.0, -327.0
-149.0, -327.0
-146.0, -327.0
-145.0, -327.0
-147.0, -325.0
-148.0, -323.0
-149.0, -320.0
-152.0, -317.0
-152.0, -316.0
-152.0, -312.0
-152.0, -311.0
-153.0, -308.0
-153.0, -306.0
-154.0, -304.0
-154.0, -302.0
-154.0, -301.0
-153.0, -298.0
-153.0, -297.0
-151.0, -296.0
-151.0, -294.0
-150.0, -293.0
-149.0, -293.0
-146.0, -289.0
-146.0, -289.0
-145.0, -289.0
-142.0, -287.0
-142.0, -287.0
-140.0, -285.0
-138.0, -284.0
-137.0, -284.0
-134.0, -281.0
-135.0, -281.0
-136.0, -281.0
-138.0, -283.0
-141.0, -284.0
-142.0, -287.0
-144.0, -287.0
-146.0, -288.0
-150.0, -292.0
-152.0, -293.0
-152.0, -295.0
-152.0, -297.0
-152.0, -300.0
-152.0, -303.0
-152.0, -305.0
-152.0, -308.0
-151.0, -311.0
-150.0, -316.0
-150.0, -319.0
-149.0, -321.0
-146.0, -323.0
-146.0, -323.0
-144.0, -326.0
-142.0, -328.0
-139.0, -330.0
-136.0, -332.0
-133.0, -334.0
-132.0, -334.0
-130.0, -335.0
-126.0, -336.0
-125.0, -336.0
-121.0, -337.0
-121.0, -338.0
-115.0, -341.0
-113.0, -340.0
-112.0, -340.0
-112.0, -340.0
-109.0, -340.0
-108.0, -340.0
-106.0, -340.0
-103.0, -341.0
-99.0, -341.0
-95.0, -340.0
-94.0, -340.0
-91.0, -340.0
-89.0, -340.0
-84.0, -340.0
-81.0, -340.0
-75.0, -339.0
-73.0, -339.0
-68.0, -337.0
-59.0, -336.0
-55.0, -332.0
-52.0, -330.0
-50.0, -329.0
-48.0, -327.0
-45.0, -324.0
-42.0, -322.0
-37.0, -319.0
-36.0, -318.0
-33.0, -316.0
-31.0, -312.0
-31.0, -312.0
-29.0, -311.0
-27.0, -308.0
-26.0, -306.0
-24.0, -303.0
-23.0, -301.0
-22.0, -299.0
-21.0, -298.0
-21.0, -294.0
-22.0, -292.0
-22.0, -290.0
-21.0, -286.0
-21.0, -284.0
-21.0, -281.0
-20.0, -278.0
-20.0, -275.0
-20.0, -274.0
-20.0, -272.0
-20.0, -269.0
-20.0, -266.0
-20.0, -265.0
-20.0, -262.0
-20.0, -259.0
-19.0, -256.0
-19.0, -254.0
-19.0, -251.0
-19.0, -247.0
-19.0, -246.0
-19.0, -244.0
-19.0, -242.0
-19.0, -240.0
-19.0, -237.0
-17.0, -236.0
-17.0, -232.0
-16.0, -230.0
-16.0, -229.0
-15.0, -226.0
-13.0, -223.0
-12.0, -218.0
-11.0, -218.0
-10.0, -214.0
-9.0, -213.0
-7.0, -212.0
-7.0, -209.0
-6.0, -205.0
-5.0, -204.0
-4.0, -202.0
-4.0, -201.0
-4.0, -198.0
-2.0, -196.0
-2.0, -193.0
-1.0, -192.0
0.0, -191.0
1.0, -190.0
2.0, -188.0
3.0, -187.0
4.0, -186.0
4.0, -185.0
3.0, -185.0
3.0, -185.0
2.0, -185.0
2.0, -184.0
1.0, -184.0
0.0, -184.0
-2.0, -182.0
-3.0, -182.0
-4.0, -181.0
-6.0, -181.0
-7.0, -180.0
-8.0, -180.0
-11.0, -179.0
-11.0, -178.0
-13.0, -177.0
-14.0, -177.0