#ffa500
32.0, -186.0
32.0, -190.0
31.0, -192.0
31.0, -194.0
30.0, -197.0
29.0, -200.0
28.0, -203.0
28.0, -206.0
26.0, -209.0
23.0, -214.0
22.0, -218.0
22.0, -221.0
21.0, -223.0
17.0, -229.0
16.0, -234.0
14.0, -236.0
14.0, -239.0
11.0, -243.0
10.0, -246.0
10.0, -249.0
8.0, -252.0
5.0, -257.0
5.0, -259.0
3.0, -263.0
1.0, -266.0
0.0, -270.0
-1.0, -273.0
-1.0, -275.0
-1.0, -280.0
-1.0, -282.0
-1.0, -285.0
-1.0, -289.0
-1.0, -292.0
-1.0, -296.0
0.0, -298.0
1.0, -301.0
2.0, -305.0
7.0, -310.0
9.0, -313.0
13.0, -316.0
16.0, -318.0
18.0, -320.0
24.0, -322.0
27.0, -326.0
30.0, -326.0
32.0, -326.0
38.0, -331.0
40.0, -331.0
46.0, -335.0
49.0, -335.0
53.0, -335.0
56.0, -336.0
59.0, -336.0
65.0, -337.0
67.0, -337.0
74.0, -340.0
76.0, -340.0
79.0, -340.0
83.0, -340.0
86.0, -340.0
88.0, -340.0
99.0, -340.0
101.0, -340.0
106.0, -340.0
109.0, -340.0
119.0, -341.0
121.0, -341.0
124.0, -341.0
129.0, -341.0
131.0, -341.0
141.0, -339.0
142.0, -339.0
145.0, -338.0
148.0, -338.0
153.0, -337.0
156.0, -337.0
158.0, -334.0
161.0, -331.0
165.0, -330.0
166.0, -327.0
171.0, -323.0
172.0, -321.0
172.0, -317.0
173.0, -314.0
171.0, -306.0
172.0, -302.0
169.0, -297.0
165.0, -293.0
161.0, -289.0
159.0, -285.0
157.0, -284.0
153.0, -282.0
151.0, -281.0
148.0, -280.0
144.0, -279.0
140.0, -278.0
141.0, -277.0
144.0, -280.0
148.0, -280.0
151.0, -280.0
153.0, -283.0
159.0, -287.0
160.0, -288.0
166.0, -293.0
166.0, -295.0
169.0, -301.0
170.0, -303.0
172.0, -306.0
173.0, -310.0
173.0, -314.0
170.0, -317.0
170.0, -317.0
173.0, -317.0
174.0, -317.0
177.0, -317.0
180.0, -315.0
183.0, -314.0
186.0, -311.0
188.0, -309.0
189.0, -306.0
190.0, -303.0
190.0, -300.0
190.0, -296.0
191.0, -292.0
191.0, -288.0
190.0, -284.0
188.0, -281.0
184.0, -276.0
182.0, -272.0
179.0, -268.0
178.0, -265.0
173.0, -263.0
173.0, -263.0
169.0, -261.0
167.0, -259.0
159.0, -255.0
158.0, -254.0
155.0, -252.0
151.0, -251.0
150.0, -251.0
145.0, -251.0
141.0, -249.0
139.0, -249.0
134.0, -249.0
127.0, -249.0
126.0, -249.0
123.0, -249.0
121.0, -249.0
118.0, -249.0
115.0, -249.0
110.0, -249.0
108.0, -249.0
106.0, -249.0
103.0, -249.0
101.0, -249.0
97.0, -249.0
93.0, -252.0
91.0, -252.0
90.0, -252.0
86.0, -252.0
83.0, -252.0
77.0, -252.0
74.0, -253.0
72.0, -253.0
70.0, -253.0
68.0, -253.0
59.0, -253.0
59.0, -253.0
53.0, -250.0
53.0, -250.0
51.0, -249.0
48.0, -246.0
49.0, -242.0
49.0, -240.0
49.0, -239.0
49.0, -234.0
49.0, -230.0
48.0, -224.0
48.0, -222.0
48.0, -220.0
48.0, -216.0
48.0, -213.0
48.0, -211.0
49.0, -209.0
48.0, -205.0
48.0, -203.0
48.0, -200.0
48.0, -198.0
48.0, -196.0
48.0, -195.0
50.0, -192.0
50.0, -191.0
50.0, -188.0
50.0, -186.0
47.0, -187.0
46.0, -187.0
44.0, -187.0
43.0, -187.0
41.0, -187.0
39.0, -187.0
37.0, -187.0
35.0, -187.0
33.0, -186.0
